# Frame list with one line of data per frame:
#   FRAME_ID, RIG_ID, RIG_FROM_WORLD[QW, QX, QY, QZ, TX, TY, TZ], NUM_DATA_IDS, DATA_IDS[] as (SENSOR_TYPE, SENSOR_ID, DATA_ID)
# Number of frames: 152
177 1 0.99627037980493716 -0.081377566666686663 0.027807836750014338 -0.0070530973352159985 -2.6023438772670331 -1.2841504562711765 0.74264144703653634 1 CAMERA 1 177
179 1 0.99624727836726501 -0.081653888587000817 0.027763152409172674 -0.0072945317014854226 -2.6154476823780834 -1.2552025466520118 0.81725060009041695 1 CAMERA 1 179
180 1 0.99630688729586647 -0.08102555430704568 0.027522058521162285 -0.0070698069857192238 -2.6016238502252218 -1.3102877566537656 0.67633868933277108 1 CAMERA 1 180
181 1 0.99623270781006501 -0.082024295705510661 0.027071338401678007 -0.0077168284017858878 -2.6012636664937148 -1.2419209440774601 0.89310310054385478 1 CAMERA 1 181
182 1 0.99629493980938044 -0.082017904896124275 0.024601458716381659 -0.0080140137072225726 -2.4944732193999033 -1.2609836970071706 1.0164178801945931 1 CAMERA 1 182
183 1 0.99628050489582154 -0.082008255353340206 0.025123249146660521 -0.0082839586396378107 -2.5707541615943659 -1.2538733008128053 0.95999794712083553 1 CAMERA 1 183
184 1 0.99629441407873887 -0.08217473584504513 0.024156167310244329 -0.0078251418631798495 -2.2682711026170659 -1.2817442783770325 1.1023726548319088 1 CAMERA 1 184
185 1 0.99632099960503695 -0.082176795797868032 0.023005796432774096 -0.0078850053208218956 -1.9338039494283035 -1.3166167678837419 1.2030325647011944 1 CAMERA 1 185
186 1 0.99637298152474418 -0.082244918767545028 0.019944813396649115 -0.0088802839472986363 -1.5232338165927344 -1.3304198762309609 1.3254142736831311 1 CAMERA 1 186
187 1 0.99623841662317292 -0.082752729543932688 0.024410304054357717 -0.0080709388026461975 -0.94843351759891814 -1.2629603191257108 1.5810339752795832 1 CAMERA 1 187
188 1 0.99631388497767803 -0.08256097761847303 0.021523809100062262 -0.008891187614285782 -1.1454287201833202 -1.3372050453256139 1.4796928784871828 1 CAMERA 1 188
189 1 0.99624822211247954 -0.082819272485837508 0.023598235189386842 -0.0085773736415537816 -0.98560613250212814 -1.3124745201640775 1.5631395776170285 1 CAMERA 1 189
190 1 0.99619288622318491 -0.083121386697352626 0.025171015641421421 -0.0075490716918908251 -0.84637063868483609 -1.2028207255643475 1.5849635418067216 1 CAMERA 1 190
191 1 0.99620334110081088 -0.083415137071116807 0.023788122638548671 -0.00741237534947855 -0.70596866487819299 -1.1496596347430823 1.5448511120197181 1 CAMERA 1 191
192 1 0.99619177985570673 -0.083521649936381115 0.024014396687804897 -0.0070271254111805275 -0.40956712068865725 -1.1211213609899722 1.4515314786080469 1 CAMERA 1 192
193 1 0.99617897070765182 -0.083833982805787688 0.023595802239640022 -0.0065237844408064559 0.49931702332541855 -1.0496399314475624 1.1186249679424838 1 CAMERA 1 193
194 1 0.99617292844110861 -0.083720856460206855 0.024247609447747228 -0.0065090913885879741 -0.0086797716753074464 -1.1030581777048378 1.3153081392415975 1 CAMERA 1 194
195 1 0.99615133171675585 -0.083966061301484027 0.024389347664702285 -0.0061142938218370574 1.1091874018470385 -0.99539393821612865 0.84562469454319755 1 CAMERA 1 195
196 1 0.99606946243006766 -0.084472441709749685 0.026051246424001237 -0.0056004611975291061 2.3371829072204982 -0.80577191082873267 0.21807777858932728 1 CAMERA 1 196
197 1 0.99609211644632611 -0.084268435458859536 0.025822539360273677 -0.0057028764480681624 1.7295959991461425 -0.91302543996580998 0.52712316327932907 1 CAMERA 1 197
198 1 0.99599583666582359 -0.084956943958855335 0.027186275156396437 -0.0059596527280357855 2.8706345339385986 -0.71975166905404142 -0.032590075470301384 1 CAMERA 1 198
199 1 0.99574724928184388 -0.0853193644852306 0.034486337482124617 -0.0043259818015079412 3.1248134665160086 -0.68990053907465354 -0.17943878935182661 1 CAMERA 1 199
200 1 0.9957589183317006 -0.085377240429146836 0.034027934743070545 -0.0041234738639501388 3.2262946173608351 -0.65528521428476239 -0.16443237205510963 1 CAMERA 1 200
201 1 0.99603169909763967 -0.085118077182417096 0.025244564477391068 -0.0062031680441632089 3.8170216511834334 -0.62075640448506497 -0.065088139771570297 1 CAMERA 1 201
202 1 0.9958250655249351 -0.08545962856059891 0.031727214787091548 -0.0047407383809698646 3.3844300407867909 -0.66143739543005731 -0.13233227988630644 1 CAMERA 1 202
203 1 0.99596125580476291 -0.085167395204572741 0.027768519140990787 -0.0060498821958915559 3.5810480160361586 -0.65694104834322264 -0.08033401457783966 1 CAMERA 1 203
204 1 0.99604250377237991 -0.08521053642548243 0.024283154012752887 -0.0069873880758873725 4.081331372817437 -0.59170069253896385 -0.097312171235137732 1 CAMERA 1 204
205 1 0.99608204687901858 -0.084869258590553581 0.023904352724710677 -0.0068078449164849153 4.3976965055266826 -0.53089700995485356 -0.15399915005058795 1 CAMERA 1 205
206 1 0.99604485274269683 -0.085246181981255567 0.023996204326552716 -0.0072056894407493289 5.4149687019023753 -0.28996783384431385 -0.5353840858940051 1 CAMERA 1 206
207 1 0.99609073254319569 -0.084958815282378433 0.023105043248452011 -0.0071700225844497888 4.7463214849337128 -0.39917000585359785 -0.27477503542579756 1 CAMERA 1 207
208 1 0.99609818246716864 -0.084940482427329003 0.022796706403433609 -0.0073372684134921902 5.0799264512931677 -0.32780088672466556 -0.3917226968190613 1 CAMERA 1 208
209 1 0.99593614705889766 -0.085575963877471031 0.027333810971313006 -0.0063881269323789614 5.622862418630473 -0.26577563970144746 -0.66338667071899093 1 CAMERA 1 209
210 1 0.9958789947685257 -0.085729493109653554 0.028925485559141515 -0.0062288100918629777 5.7009750834759503 -0.28729250476345514 -0.70452007624461777 1 CAMERA 1 210
211 1 0.99586319888501795 -0.08574597932956414 0.029407363780980265 -0.0062708126081272306 5.7482587047395812 -0.29298204467099437 -0.70295408103493073 1 CAMERA 1 211
212 1 0.99585255811845352 -0.085850684729024268 0.029344075716836674 -0.0068020321091762665 5.8296490245714301 -0.36979807947450571 -0.71778485665162362 1 CAMERA 1 212
213 1 0.9958483972657961 -0.085893463393669406 0.029448032615508147 -0.0064106149831052259 5.7833801639477036 -0.3112568678684523 -0.70918059314926873 1 CAMERA 1 213
214 1 0.99584025033161316 -0.086015207849893263 0.029324881620266578 -0.0066053884039485944 5.8326422372760431 -0.40060770442915217 -0.74038577215379642 1 CAMERA 1 214
215 1 0.99589103986110106 -0.085701319602741605 0.028405661519627461 -0.0070312826963355446 5.7730676147544067 -0.50426233737009618 -0.70135555461716448 1 CAMERA 1 215
216 1 0.99587926545171812 -0.085905978285416754 0.028225123539247048 -0.0069277658278839417 5.7483460067665382 -0.58579212893375776 -0.67482357610926302 1 CAMERA 1 216
217 1 0.99585980252989825 -0.085731145375313955 0.02944716738328633 -0.0068035836769734055 5.7979268671687674 -0.44129038247145036 -0.72885922250975266 1 CAMERA 1 217
218 1 0.99591482894687633 -0.085597393099031929 0.027884028997089669 -0.0070157469490808961 5.7250415214821357 -0.6561777638499825 -0.69811724484132498 1 CAMERA 1 218
219 1 0.99595230868357199 -0.085139603010067413 0.027855735904363944 -0.0073691793557698216 5.683679098681087 -0.71233680436897673 -0.77805298317707972 1 CAMERA 1 219
220 1 0.99598018929631749 -0.084879959307348429 0.027644234617528199 -0.007392653763410255 5.6580188091262835 -0.74970918711693668 -0.92449478109299033 1 CAMERA 1 220
221 1 0.99597011829200854 -0.085234239392496566 0.026875706656649258 -0.0075062837869910625 5.6339386903051034 -0.76253205910292077 -1.0861340582147356 1 CAMERA 1 221
222 1 0.99599069530867257 -0.085283345633960783 0.025849723072232825 -0.0078152180465093212 5.5496398841978873 -0.78643117051701794 -1.1434006506584382 1 CAMERA 1 222
223 1 0.99603971377275813 -0.084719273475998252 0.025587331152058135 -0.0085335674659636762 5.4704765221250113 -0.83919430612113644 -1.1451046518785759 1 CAMERA 1 223
224 1 0.99605555614967989 -0.084485575541935795 0.025841215959915266 -0.0082309262184174156 5.399676453163706 -0.87476944763889053 -1.2249019253932318 1 CAMERA 1 224
225 1 0.99603312722394133 -0.08466515303591779 0.026021146882375629 -0.008527675464417038 5.3510575928921345 -0.92637529525874873 -1.3080204094269152 1 CAMERA 1 225
226 1 0.99605306506760616 -0.084769820219690706 0.025034836645722335 -0.0081009939804048536 5.3384901685223172 -0.97747821646907429 -1.3103190602892192 1 CAMERA 1 226
227 1 0.99603088530517558 -0.084772430611767161 0.025804645485793476 -0.008380381716467121 5.3471629308834929 -0.98235733761550492 -1.3332043187909473 1 CAMERA 1 227
228 1 0.99609759323844249 -0.084572779300348747 0.02379977766317962 -0.0084024002035166002 5.3556868389192509 -0.96262783377939265 -1.2690618372198799 1 CAMERA 1 228
229 1 0.9960724452006261 -0.084548206226803035 0.02487782065209215 -0.0085075716557795993 5.4126053589590191 -0.96515599162719001 -1.2524377815944425 1 CAMERA 1 229
230 1 0.99605999830467651 -0.084701525414881365 0.024850627993555245 -0.0085192521975886223 5.4211426117264807 -0.92672759262517923 -1.286230040293294 1 CAMERA 1 230
231 1 0.9960938740009414 -0.084369201412561212 0.02460573973770943 -0.0085667731826852469 5.3793438086864374 -0.97607394538696157 -1.252280690613236 1 CAMERA 1 231
232 1 0.99604298820209169 -0.084937811644992034 0.024871500347509057 -0.0080834569876788234 5.4474878793428747 -0.88577977579218858 -1.3423036291832957 1 CAMERA 1 232
233 1 0.99604185080770091 -0.084953928565160305 0.024852814981289034 -0.008111661261493177 5.4526900739336615 -0.87620388179185105 -1.3509287343905125 1 CAMERA 1 233
234 1 0.99605915113769394 -0.084532778527063965 0.025464927871199541 -0.0084802262862230283 5.4178125347484682 -0.79597194419278283 -1.4429796657316161 1 CAMERA 1 234
235 1 0.99610312966439474 -0.084142123834999402 0.025088206774053427 -0.0083210546324440238 5.4026526368274883 -0.67316221699085821 -1.7452551271984746 1 CAMERA 1 235
236 1 0.99612959998135597 -0.08423254471726796 0.023428117101780523 -0.0090455392599220925 5.3842284419584834 -0.51070752649198459 -2.4352348285975083 1 CAMERA 1 236
237 1 0.99611291539946967 -0.084193034420130916 0.024355137814937956 -0.0087988630808252203 5.3952375501735297 -0.45231012097951356 -2.6091638651108813 1 CAMERA 1 237
238 1 0.99614024966211923 -0.084149740052580427 0.02329018234333774 -0.0089995365762877647 5.3836762276670509 -0.58262704779519647 -2.1127628464385797 1 CAMERA 1 238
239 1 0.9960999624150253 -0.084323114928587975 0.02443108260235715 -0.0088090503689148662 5.4301429582013627 -0.47911577693919988 -2.6273691518570548 1 CAMERA 1 239
240 1 0.9960784679026603 -0.084484906474450477 0.024941261411150693 -0.0082413492774617413 5.4541337521193247 -0.51369258394054806 -2.5897475845366014 1 CAMERA 1 240
241 1 0.99601540297310676 -0.084870864967263371 0.026231417221426353 -0.0078845463143935174 5.445416830417555 -0.53077335186234365 -2.5731518186348019 1 CAMERA 1 241
242 1 0.99599187671724243 -0.084827828876887751 0.027462205549087664 -0.0070885984283584787 5.4328344670470523 -0.52446900192797064 -2.5841871795694957 1 CAMERA 1 242
243 1 0.9958529997727118 -0.085396207575021491 0.030621705584732373 -0.0068265454350820536 5.2034751311224552 -0.59917263989395309 -2.5310825419751133 1 CAMERA 1 243
244 1 0.99579916254721879 -0.085694625928274704 0.031509684563477511 -0.0068991837184725164 4.8399736296327287 -0.65031210932060179 -2.3993778978029567 1 CAMERA 1 244
245 1 0.99591191330934037 -0.085220620625036367 0.029082006378905911 -0.0071514791330139285 5.407300821970022 -0.55314439686854333 -2.5864129802671374 1 CAMERA 1 245
246 1 0.99571260552169583 -0.085909436090041771 0.033604148123650188 -0.0068364628844720336 4.3442386658781755 -0.68690444152700414 -2.2529351911392634 1 CAMERA 1 246
247 1 0.99562555759206173 -0.086178070224418035 0.035304006949689118 -0.0075310274988049375 3.1353828415409746 -0.7145607836404787 -1.8384905066063253 1 CAMERA 1 247
248 1 0.99567498009736899 -0.085904614159016721 0.034641562269621874 -0.0071898148664936582 3.7659176441137503 -0.7062934994523592 -2.0665919696901951 1 CAMERA 1 248
249 1 0.99556620777455518 -0.086313214867419982 0.036625023401475672 -0.0075208069702132905 2.4326082426748923 -0.72606321418566921 -1.5912769896861512 1 CAMERA 1 249
250 1 0.99531558075965876 -0.086933426103724232 0.041617845416243485 -0.0075781967407372317 -0.12346500900556182 -0.88891402415383847 -1.1171576513420267 1 CAMERA 1 250
251 1 0.99534843108155469 -0.086799901378398894 0.04116543228323389 -0.0072584467431036108 0.77298853987789584 -0.80572294588901283 -1.2599109497574912 1 CAMERA 1 251
252 1 0.99545420671431162 -0.086458439122997194 0.039270795841734742 -0.0073256558172265004 1.6375447105062404 -0.74906802763636426 -1.3952924926952419 1 CAMERA 1 252
253 1 0.99528461303998417 -0.087139995513530091 0.041893039488697381 -0.0077545773675509024 -0.98167047276744734 -0.99578961196104165 -0.98625463052566043 1 CAMERA 1 253
254 1 0.9952032384190328 -0.087157804530936966 0.043744977678372952 -0.0077722762132921763 -2.5623510507687794 -1.1443057654998201 -0.61759674897264094 1 CAMERA 1 254
255 1 0.99523519216776291 -0.087171804090485486 0.043039219299485863 -0.0074575092689943591 -1.7688855407740181 -1.1165537131519101 -0.83504514375420447 1 CAMERA 1 255
256 1 0.99526168628520761 -0.087130656144017438 0.042278735039122994 -0.0086563927897053659 -3.3950931304130845 -1.1968683404617506 -0.41081809254046969 1 CAMERA 1 256
257 1 0.99536240747139082 -0.087015440175011352 0.039559266913603959 -0.010819212779325819 -7.2817209964586311 -1.2130268389559022 0.62451335316881806 1 CAMERA 1 257
258 1 0.99521967499935204 -0.086113895199719306 0.045075503968493552 -0.0095076016798351873 -9.889722002925927 -1.3012597436454751 1.3138286248986331 1 CAMERA 1 258
259 1 0.99530028981079965 -0.086917812740602132 0.041669308035270608 -0.0092895478248238052 -4.2806161849411328 -1.2232805163353051 -0.18132600716862443 1 CAMERA 1 259
260 1 0.99531848439209347 -0.086383612954918296 0.04222920553921021 -0.0097816276666043232 -10.122565636820166 -1.3058811076856331 1.2330888079595539 1 CAMERA 1 260
261 1 0.9952221090095188 -0.08618498360917258 0.044906893872031263 -0.0094060205027545144 -10.076580336852949 -1.3069326770054699 1.3013553948959837 1 CAMERA 1 261
262 1 0.9953102472512001 -0.086507456526505391 0.04222866711553748 -0.0095242509267190086 -10.181445444090752 -1.3029906478317388 1.2123870680496087 1 CAMERA 1 262
263 1 0.99535017925233449 -0.08617589796500584 0.041963012584464013 -0.0095310464853977026 -10.262374307370735 -1.2771723657143725 1.208465024892216 1 CAMERA 1 263
264 1 0.99539637559439453 -0.085844078543441268 0.04156406921156991 -0.0094486921394722305 -10.366225719544293 -1.2443304048112303 1.1998428501842602 1 CAMERA 1 264
265 1 0.99550061587904382 -0.086003923149434891 0.038538218473313492 -0.0098313124380173342 -10.652742055148684 -1.1632926312534304 1.0470873981236655 1 CAMERA 1 265
266 1 0.99544690379415968 -0.08588370077281747 0.040159568737007732 -0.0098316177226261108 -10.521230762479798 -1.2058951078145086 1.1405372656836184 1 CAMERA 1 266
267 1 0.99556610004520307 -0.085696236155048872 0.037496929359911932 -0.0099134170809407427 -10.636106215017723 -1.1419478803513186 0.90222137650474687 1 CAMERA 1 267
268 1 0.99556633931583427 -0.085832021695655902 0.037224216757734602 -0.0097409321771045262 -10.438011927828004 -1.1084708629948565 0.71075305959864943 1 CAMERA 1 268
269 1 0.99571374987091243 -0.088641024347473743 0.024144216813340398 -0.010674919911043213 -2.7023056779495072 0.31794983919640091 -0.21169959160628957 1 CAMERA 1 269
270 1 0.99569601876535241 -0.08892131891260821 0.023951183235370092 -0.010429673019573402 -2.6873870760482803 0.56329643049638267 -0.13508728370746495 1 CAMERA 1 270
271 1 0.99563638406143196 -0.089419480029084009 0.024768782224375133 -0.0099425726814683698 -2.5449288570731445 0.97357799887995244 0.082122137196032841 1 CAMERA 1 271
272 1 0.99555872716462579 -0.089771499873800717 0.026794391287093242 -0.009271416952790025 -2.5331485156341667 1.1409586258721947 0.14516531224045551 1 CAMERA 1 272
273 1 0.99567246306406521 -0.089270415186099988 0.023692574935303759 -0.010285969150951521 -2.6044722835829459 0.78285618651359068 -0.015872469987575237 1 CAMERA 1 273
274 1 0.99547771298207111 -0.090059605217087751 0.028968677327129429 -0.0086143019475993787 -2.4685968148525896 1.6547999049118369 0.33263288506090388 1 CAMERA 1 274
275 1 0.99547214932406614 -0.090209518809045194 0.02870246818244929 -0.0085796827796952163 -2.5095001817768754 1.7238749697240601 0.34031920708812585 1 CAMERA 1 275
276 1 0.99553544733993227 -0.08976257804730324 0.027777181763525102 -0.0089599578826487069 -2.500541590853075 1.4125665065325594 0.25636504930709414 1 CAMERA 1 276
277 1 0.99548282971655611 -0.090096873031981647 0.028670794009327337 -0.0086298771863718062 -2.5693281590560462 1.7773311739294595 0.33470724456370943 1 CAMERA 1 277
278 1 0.996697422690908 -0.075538256927040581 0.028766889105168357 -0.0077900855538804532 -2.5353443790761765 1.8278894008701261 0.36939369048912191 1 CAMERA 1 278
279 1 0.99674670608501825 -0.074703762536206753 0.029307133850228078 -0.0075129007104544065 -2.4690819423977066 1.8924106327027266 0.38653676353713606 1 CAMERA 1 279
280 1 0.99663612704724758 -0.0754616610586991 0.031186906925812049 -0.0070245861746807952 -2.3756675636906266 1.8952465264620748 0.3825721715948639 1 CAMERA 1 280
281 1 0.99696395759319656 -0.069648021785231454 0.034271991387355226 -0.006119716321871858 -2.4152955368831233 1.8589088595385748 0.398086299410225 1 CAMERA 1 281
282 1 0.99697915730569941 -0.069505590947474494 0.034073663195311299 -0.0063653909159002925 -2.4854834524593006 1.7908929167946914 0.41147439690124732 1 CAMERA 1 282
283 1 0.99698333450697252 -0.069694608210535192 0.033591790662057225 -0.0062035394618500175 -2.3610976759613198 1.8827997434371502 0.39663337917040148 1 CAMERA 1 283
284 1 0.99698663381291242 -0.069361877264082744 0.034153150890102173 -0.0063359502111230634 -2.5621188121119256 1.7075331493851196 0.41188805327899997 1 CAMERA 1 284
285 1 0.99698879961263143 -0.069444923419711035 0.033923073291593581 -0.0063214837378644676 -2.5858496863342246 1.6775461895109951 0.405438380184449 1 CAMERA 1 285
286 1 0.99698415355074077 -0.069756677252235513 0.033381042436132054 -0.0065045794112779647 -2.5351128709212531 1.6693202805703764 0.41173578051666909 1 CAMERA 1 286
287 1 0.99698869639378762 -0.069524718085865592 0.033782452758626742 -0.0062127871127253707 -2.4806804532781848 1.7002866674423547 0.46277280328359255 1 CAMERA 1 287
288 1 0.99700182085269129 -0.069725166062796967 0.032966945739877761 -0.0062410674181187327 -2.460185307721813 1.9942125158536166 0.66564280008520382 1 CAMERA 1 288
289 1 0.99701099384643599 -0.069775080209222851 0.032584796377890697 -0.0062247390427331529 -2.4462360949551103 2.1286217864692292 0.77419144433044895 1 CAMERA 1 289
290 1 0.99702560544414887 -0.069357426155547464 0.033043589817861332 -0.0061327561304038705 -2.4569620617153696 1.7870798060814375 0.54565612015431864 1 CAMERA 1 290
291 1 0.99699077145416204 -0.069933119788258141 0.032851996907765878 -0.0062854348368477512 -2.3973507785278683 2.4775172712955542 0.95635432253045671 1 CAMERA 1 291
292 1 0.99698786665944394 -0.069940330840831885 0.032912408738402947 -0.0063495831959445035 -2.4449940828744987 2.2985091120299463 0.8653286708133342 1 CAMERA 1 292
293 1 0.99696348585019112 -0.07019839715796973 0.033179292903430004 -0.0059268406690581683 -2.4437023652420251 2.6606672726080074 0.95371230416137909 1 CAMERA 1 293
294 1 0.99695727813503077 -0.070091219506519392 0.033655046138223774 -0.0055447624939188979 -2.5335225304726503 2.98331397913228 0.94384211566060483 1 CAMERA 1 294
295 1 0.99705306762014956 -0.070041508726393004 0.030714908265575703 -0.0059968170571878775 -2.5719598036723776 3.3849137043028739 1.0086479434518123 1 CAMERA 1 295
296 1 0.99695909742393618 -0.07027353810427571 0.033232616608909797 -0.0054572061792420076 -2.5707539722510626 3.1931798368357147 0.91958031011633679 1 CAMERA 1 296
297 1 0.99700316516553034 -0.070110520378487182 0.032219039895456304 -0.0055800582781197518 -2.5916987053333007 3.3012874311499183 0.93538650783462784 1 CAMERA 1 297
298 1 0.99708704587481523 -0.069921572420257594 0.029798271400361311 -0.0063607924398814148 -2.5137239626923931 3.4533490764362158 1.1037377181135999 1 CAMERA 1 298
299 1 0.99703009610423976 -0.070495367792042546 0.030307104724717863 -0.00654751750207934 -2.5064566503644241 3.4486566077691525 1.1217099139657609 1 CAMERA 1 299
300 1 0.99700510469972803 -0.070634077487670061 0.030807998087879266 -0.0065203952309331129 -2.5616730422251011 3.311380723940005 0.92981241870489451 1 CAMERA 1 300
301 1 0.99702989131602038 -0.070481160713382826 0.030353646061441465 -0.0065159786399103595 -2.5294654098224649 3.395447325095498 1.0844125270601421 1 CAMERA 1 301
302 1 0.99702928602429264 -0.070365535883006355 0.030633599836655513 -0.0065480325926572033 -2.5397228983348592 3.351842816647232 1.009025687104244 1 CAMERA 1 302
303 1 0.99701477327550747 -0.070440238608221656 0.030939923992778465 -0.0065142734457844902 -2.562619078676585 3.3244789217552966 0.87837582035043837 1 CAMERA 1 303
304 1 0.99702896354477322 -0.070176703789115696 0.031076595330419308 -0.0065361548940806929 -2.5933274352939581 3.3311746339971671 0.89449264463271727 1 CAMERA 1 304
305 1 0.99704438586009014 -0.069949723171107592 0.031102773105309792 -0.0064920226679168894 -2.5743502577034985 3.3309519929724423 0.86897196166075419 1 CAMERA 1 305
306 1 0.99705518881893906 -0.070106639695621531 0.030349274301914041 -0.0067030641623968962 -2.6212195610978708 3.452355239533766 1.0043077746279769 1 CAMERA 1 306
307 1 0.99705499319200597 -0.069957411393460497 0.030678098463133314 -0.0067937777930664554 -2.6229293129600815 3.4208643726364136 0.95883113327892822 1 CAMERA 1 307
308 1 0.99707023111950965 -0.069918107680307623 0.030302305700237567 -0.00664700706648301 -2.6302502860314148 3.4689233164907751 1.0245458394803817 1 CAMERA 1 308
309 1 0.99707416699862428 -0.069725521365257448 0.030574822516770506 -0.0068291582505054836 -2.6515068956579304 3.5072058479513717 1.0222288015339016 1 CAMERA 1 309
310 1 0.99702217853439001 -0.07000274856192043 0.031628742380692465 -0.0067833148040874775 -2.6980335651583709 3.5385070238505443 1.0263115135970204 1 CAMERA 1 310
311 1 0.99705834999362219 -0.069837233194061876 0.03092023142645485 -0.0064301521232622812 -2.705962864346934 3.575643364029454 1.0147559952675289 1 CAMERA 1 311
312 1 0.99741436715522969 -0.069643411467581698 0.012798952812123628 -0.012270380532112024 -2.6970704403490626 2.1704446112077433 0.92647790538706287 1 CAMERA 1 312
313 1 0.99728900366240214 -0.069580074862230765 0.02192230671236893 -0.0096264648043090546 -2.5970137911681817 1.7498774106629809 0.87452365437888746 1 CAMERA 1 313
314 1 0.99705901601706393 -0.069851914666812093 0.030885520519581745 -0.006333499719684524 -2.7550231855492564 3.5365754285893147 1.0725238901133229 1 CAMERA 1 314
315 1 0.99705664977002884 -0.069589804594706969 0.031550508020897781 -0.0063136114435297409 -2.5190409601123847 1.4023676731235497 0.79008286989263399 1 CAMERA 1 315
316 1 0.99631700026896797 -0.070302601186641708 0.049090831476311547 -0.0002636406679623329 -2.535908809121223 1.0689763777783476 0.73630224850976933 1 CAMERA 1 316
317 1 0.99637620970933261 -0.07006303035994936 0.048215873316513023 -0.00092198827050215312 -2.6787672825560587 0.80525260159977619 0.65034828201980632 1 CAMERA 1 317
318 1 0.99700380652461185 -0.069759403684591326 0.032859412327910925 -0.0061069136614929336 -2.7605087402394823 0.56426002696837363 0.482081463953278 1 CAMERA 1 318
319 1 0.99708978330034614 -0.069944337606758222 0.029551359718977557 -0.0068169504604449066 -2.8055729754361347 -0.045496411938113053 0.29060751089627707 1 CAMERA 1 319
320 1 0.99712963436597568 -0.069776088179758014 0.028467619482358129 -0.0073064648438151041 -2.7570819261744726 -0.45244268237470764 0.22203995396066903 1 CAMERA 1 320
321 1 0.99706964034448464 -0.069812534887290251 0.03056694450229858 -0.0066335646318091204 -2.7959002410262332 0.28297330814179855 0.39515754140611864 1 CAMERA 1 321
322 1 0.99718400002176433 -0.069477842467531886 0.027102576953775694 -0.0078961907978254767 -2.6746964490364471 -0.79688782791703294 0.1515572583889632 1 CAMERA 1 322
323 1 0.99709381404727215 -0.069569256507894833 0.030277757518896244 -0.0068776403824104011 -2.6086075071462584 -1.0603213169193899 0.020596863235366119 1 CAMERA 1 323
324 1 0.99712828436211398 -0.069394258968146966 0.029481215760645232 -0.0071048761145536734 -2.6137020514525551 -1.2690656623053338 -0.22999763126247164 1 CAMERA 1 324
325 1 0.99717045332575305 -0.069373189535960764 0.027916872791331718 -0.0076873793501238772 -2.6604122189864365 -1.4960935014709165 -0.52813582472521026 1 CAMERA 1 325
326 1 0.99717619652950273 -0.069401000677982064 0.027563319589976459 -0.0079622605477366899 -2.653418572362428 -1.7781224961910975 -0.70840959957900862 1 CAMERA 1 326
327 1 0.99693718096231199 -0.069639870188327804 0.035087773077907308 -0.0059492752083385968 -2.6943746369472046 -2.1001950518531878 -0.78734792147760324 1 CAMERA 1 327
328 1 0.98622884914996145 -0.16304724260214976 0.025246180269423105 -0.011440461790598789 -2.6583535727757037 -3.6104124337523489 -0.40153934756725457 1 CAMERA 1 328
329 1 0.98627760428933764 -0.1627001446409059 0.025540676735552409 -0.011524931366522903 -2.6853283752064541 -3.8036827111262062 -0.41413600071178819 1 CAMERA 1 329
